procs -----------memory---------- ---swap-- -----io---- -system-- ------cpu-----
 r  b   swpd   free   buff  cache   si   so    bi    bo   in   cs us sy id wa st
 1  0      0 3122980  10476 179200    0    0    20   509   83  127  0  0 100  0  0
 0  0      0 3118152  10476 179180    0    0     0     0    9   38  0  0 100  0  0
 0  0      0 3107944  10476 179180    0    0     0     0    6   36  0  0 100  0  0
 0  0      0 3097736  10476 179180    0    0     0     0    6   34  0  0 100  0  0
 0  0      0 3088684  10476 179180    0    0     0     0   10   42  0  0 100  0  0
 0  0      0 3078224  10476 179180    0    0     0     0    6   41  0  0 100  0  0
 0  0      0 3128760  10484 179152    0    0     0    48   16   67  0  0 100  0  0
 0  0      0 3128760  10484 179152    0    0     0     0    4   31  0  0 100  0  0
 0  0      0 3128760  10484 179152    0    0     0     0    7   36  0  0 100  0  0
 0  0      0 3128760  10484 179152    0    0     0     0    4   26  0  0 100  0  0
 0  0      0 3128760  10484 179152    0    0     0     0    4   28  0  0 100  0  0
 0  0      0 3128760  10484 179152    0    0     0     0    4   32  0  0 100  0  0
 0  0      0 3128760  10484 179152    0    0     0     0    4   28  0  0 100  0  0
 0  0      0 3128760  10484 179152    0    0     0     0    4   26  0  0 100  0  0
 0  0      0 3128760  10484 179152    0    0     0     0    8   36  0  0 100  0  0
 0  0      0 3128760  10484 179152    0    0     0     0    3   26  0  0 100  0  0
 0  0      0 3128760  10484 179152    0    0     0     0    5   38  0  0 100  0  0
 0  0      0 3128692  10484 179152    0    0     0     0   10   30  0  0 100  0  0
